+--------------------------------------------------------------+
| adc2                                    singlet ,  converged |
+--------------------------------------------------------------+
|  #        excitation energy     osc str    |v1|^2    |v2|^2  |
|          (au)           (eV)                                 |
|  0     0.2054006      5.589235   0.0211    0.9377   0.06231  |
|  1     0.2155715      5.865999   0.0144     0.938   0.06196  |
|  2     0.2211982       6.01911   0.0623    0.9328   0.06723  |
|  3     0.2312661      6.293072   0.0156    0.9334   0.06656  |
|  4     0.2349699      6.393856   0.0268    0.9359    0.0641  |
|  5     0.2392161      6.509402   0.0048    0.9379   0.06207  |
|  6     0.2462932       6.70198   0.0147    0.9368   0.06323  |
|  7     0.2493625      6.785499   0.0030    0.9368   0.06317  |
+--------------------------------------------------------------+
